20
1 2 4
1 5 3
1 9 4
1 13 4
1 14 2
1 18 9
1 3 5
1 7 3
1 10 6
1 16 4
1 20 7
2 3 6
2 7 4
2 10 2
2 14 8
2 19 5
2 1 3
2 5 4
2 12 7
2 17 3
3 6 2
3 7 6
3 10 2
3 16 6
3 20 4
3 1 2
3 11 5
3 14 3
4 7 2
4 11 3
4 17 8
4 18 3
4 2 6
4 9 4
4 13 5
4 20 7
5 8 5
5 10 3
5 12 8
5 16 3
5 19 6
5 1 4
5 6 3
5 15 7
6 8 2
6 10 8
6 11 4
6 15 9
6 17 3
6 20 3
6 3 6
6 7 4
6 18 2
7 9 2
7 13 6
7 15 4
7 18 1
7 1 3
7 6 4
7 19 6
8 13 2
8 16 5
8 19 4
8 2 3
8 14 6
8 20 5
9 10 1
9 14 6
9 18 6
9 3 4
9 7 5
9 15 3
10 13 4
10 20 6
10 1 2
10 4 3
10 8 7
11 15 7
11 19 3
11 3 4
11 6 5
11 20 2
12 13 4
12 16 4
12 5 2
12 8 3
12 17 4
13 18 3
13 20 7
13 1 3
13 7 5
13 12 2
14 19 1
14 20 2
14 1 4
14 9 7
14 17 3
15 17 8
15 20 1
15 6 5
15 9 3
15 13 4
16 19 2
16 1 4
16 5 3
16 8 6
16 12 2
17 20 5
17 4 6
17 6 3
17 12 7
17 14 4
18 19 2
18 7 3
18 9 5
18 1 2
18 15 6
19 20 7
19 5 4
19 8 5
19 11 3
19 14 2
20 6 3
20 10 6
20 13 7
20 17 5
20 1 5